股票代码,日期,开盘,收盘,涨跌额,涨跌幅,最低,最高,成交量,成交金额,换手率
000001,2024-10-30,11.50,11.32,-0.22,-1.91%,11.27,11.58,1482403,168650.16,0.76%
000001,2024-10-29,11.62,11.54,-0.10,-0.86%,11.53,11.74,1198025,139115.02,0.62%
000001,2024-10-28,11.68,11.64,-0.07,-0.60%,11.53,11.68,1169487,135600.89,0.60%
000001,2024-10-25,11.77,11.71,-0.04,-0.34%,11.69,11.78,1105755,129684.45,0.57%
000001,2024-10-24,11.81,11.75,-0.11,-0.93%,11.72,11.86,885299,104281.86,0.46%
000001,2024-10-23,11.82,11.86,0.07,0.59%,11.75,11.89,1511866,178723.67,0.78%
000001,2024-10-22,11.76,11.79,-0.02,-0.17%,11.72,11.93,1617787,190843.88,0.83%
000001,2024-10-21,11.94,11.81,-0.23,-1.91%,11.63,11.94,2806655,330202.00,1.45%
000001,2024-10-18,11.91,12.04,0.09,0.75%,11.68,12.18,2604654,310582.09,1.34%
000001,2024-10-17,12.07,11.95,-0.11,-0.91%,11.93,12.23,1653708,199326.17,0.85%
000001,2024-10-16,11.80,12.06,0.16,1.34%,11.77,12.18,1914494,230134.09,0.99%
000001,2024-10-15,11.94,11.90,-0.12,-1.00%,11.88,12.23,2072841,250097.44,1.07%
000001,2024-10-14,11.98,12.02,0.30,2.56%,11.79,12.18,2400595,288193.44,1.24%
000001,2024-10-11,12.00,11.72,-0.26,-2.17%,11.58,12.17,2070890,245584.81,1.07%
000001,2024-10-10,11.62,11.98,0.55,4.81%,11.60,12.26,3426422,409557.34,1.77%
000001,2024-10-09,12.63,11.68,-1.20,-9.32%,11.66,12.63,4269345,517205.00,2.20%
000001,2024-10-08,13.43,12.88,0.67,5.49%,12.34,13.43,5888978,760266.38,3.03%
000001,2024-09-30,11.62,12.21,0.79,6.92%,11.56,12.30,5430284,646743.88,2.80%
000001,2024-09-27,11.35,11.42,0.27,2.42%,11.03,11.56,3840016,433798.50,1.98%
000001,2024-09-26,10.50,11.15,0.65,6.19%,10.50,11.15,3086457,334175.94,1.59%
000001,2024-09-25,10.52,10.50,0.13,1.25%,10.45,10.70,2160694,228599.53,1.11%
000001,2024-09-24,10.11,10.37,0.33,3.29%,10.08,10.37,1638213,167817.45,0.84%
000001,2024-09-23,9.89,10.04,0.14,1.41%,9.87,10.09,896908,89742.80,0.46%
000001,2024-09-20,9.81,9.90,0.09,0.92%,9.78,9.90,797297,78512.12,0.41%
000001,2024-09-19,9.79,9.81,0.04,0.41%,9.68,9.84,684293,66934.12,0.35%
000001,2024-09-18,9.72,9.77,0.07,0.72%,9.66,9.78,443611,43166.56,0.23%
000001,2024-09-13,9.73,9.70,-0.04,-0.41%,9.70,9.82,566462,55326.97,0.29%
000001,2024-09-12,9.65,9.74,0.09,0.93%,9.61,9.77,581834,56492.32,0.30%
000001,2024-09-11,9.88,9.65,-0.25,-2.53%,9.63,9.88,1108727,107860.25,0.57%
000001,2024-09-10,9.86,9.90,0.05,0.51%,9.78,9.92,767901,75612.48,0.40%
000001,2024-09-09,10.05,9.85,-0.23,-2.28%,9.84,10.07,1639174,162485.77,0.84%
000001,2024-09-06,10.06,10.08,0.01,0.10%,10.05,10.21,878865,89150.78,0.45%
000001,2024-09-05,10.03,10.07,0.05,0.50%,9.98,10.08,594209,59584.58,0.31%
000001,2024-09-04,10.05,10.02,-0.06,-0.60%,10.00,10.15,847992,85222.46,0.44%
000001,2024-09-03,10.11,10.08,-0.03,-0.30%,10.00,10.13,916581,92088.47,0.47%
000001,2024-09-02,10.12,10.11,-0.05,-0.49%,10.09,10.21,968836,98389.88,0.50%
000001,2024-08-30,10.11,10.16,0.03,0.30%,10.11,10.26,1294059,131885.88,0.67%
000001,2024-08-29,10.31,10.13,-0.20,-1.94%,10.11,10.38,1197676,122135.10,0.62%
000001,2024-08-28,10.41,10.33,-0.10,-0.96%,10.28,10.43,942548,97387.21,0.49%
000001,2024-08-27,10.47,10.43,-0.06,-0.57%,10.37,10.52,723137,75558.38,0.37%
000001,2024-08-26,10.50,10.49,0.02,0.19%,10.42,10.55,740675,77592.19,0.38%
000001,2024-08-23,10.39,10.47,0.09,0.87%,10.32,10.50,1071906,111747.57,0.55%
000001,2024-08-22,10.34,10.38,0.03,0.29%,10.32,10.45,1109030,115387.19,0.57%
000001,2024-08-21,10.30,10.35,0.01,0.10%,10.21,10.38,1034888,106820.79,0.53%
000001,2024-08-20,10.32,10.34,0.05,0.49%,10.28,10.43,1569187,162314.77,0.81%
000001,2024-08-19,10.13,10.29,0.16,1.58%,10.12,10.30,1482985,152059.47,0.76%
000001,2024-08-16,10.08,10.13,0.10,1.00%,10.05,10.21,1260368,127704.20,0.65%
000001,2024-08-15,9.92,10.03,0.11,1.11%,9.87,10.06,776247,77585.15,0.40%
000001,2024-08-14,9.94,9.92,-0.03,-0.30%,9.91,9.98,436380,43338.04,0.22%
000001,2024-08-13,10.02,9.95,-0.06,-0.60%,9.92,10.03,622077,62006.15,0.32%
000001,2024-08-12,10.02,10.01,-0.03,-0.30%,9.98,10.05,353013,35325.14,0.18%
000001,2024-08-09,9.96,10.04,0.10,1.01%,9.94,10.10,730274,73288.65,0.38%
000001,2024-08-08,9.92,9.94,0.01,0.10%,9.90,9.98,500411,49754.82,0.26%
000001,2024-08-07,9.95,9.93,0.00,0.00%,9.91,9.98,517608,51484.88,0.27%
000001,2024-08-06,10.07,9.93,-0.12,-1.19%,9.89,10.12,1265537,126199.77,0.65%
000001,2024-08-05,10.11,10.05,-0.09,-0.89%,10.05,10.22,758979,76898.06,0.39%
000001,2024-08-02,10.22,10.14,-0.13,-1.27%,10.13,10.25,590229,60117.34,0.30%
000001,2024-08-01,10.25,10.27,0.00,0.00%,10.17,10.32,733884,75268.82,0.38%
000001,2024-07-31,10.08,10.27,0.19,1.88%,10.07,10.28,1096906,111776.87,0.57%
000001,2024-07-30,10.10,10.08,-0.03,-0.30%,10.03,10.13,613268,61805.66,0.32%
000001,2024-07-29,10.02,10.11,0.08,0.80%,9.97,10.14,781552,78801.91,0.40%
000001,2024-07-26,10.10,10.03,-0.06,-0.59%,9.97,10.12,929552,93187.95,0.48%
000001,2024-07-25,10.12,10.09,-0.04,-0.39%,10.00,10.15,856404,86175.03,0.44%
000001,2024-07-24,10.18,10.13,-0.05,-0.49%,10.12,10.24,724518,73633.28,0.37%
000001,2024-07-23,10.25,10.18,-0.05,-0.49%,10.16,10.33,1020154,104699.45,0.53%
000001,2024-07-22,10.36,10.23,-0.14,-1.35%,10.19,10.38,994481,101866.38,0.51%
000001,2024-07-19,10.38,10.37,-0.04,-0.38%,10.29,10.42,898723,92972.27,0.46%
000001,2024-07-18,10.38,10.41,0.01,0.10%,10.30,10.43,1087061,112736.52,0.56%
000001,2024-07-17,10.30,10.40,0.10,0.97%,10.28,10.42,1220168,126641.26,0.63%
000001,2024-07-16,10.33,10.30,-0.03,-0.29%,10.24,10.37,943008,97156.48,0.49%
000001,2024-07-15,10.31,10.33,0.02,0.19%,10.26,10.35,869412,89697.58,0.45%
000001,2024-07-12,10.12,10.31,0.18,1.78%,10.12,10.31,1214164,124687.77,0.63%
000001,2024-07-11,10.21,10.13,-0.01,-0.10%,10.07,10.23,721392,73178.93,0.37%
000001,2024-07-10,10.07,10.14,0.07,0.70%,10.05,10.20,873865,88662.67,0.45%
000001,2024-07-09,9.94,10.07,0.14,1.41%,9.91,10.10,1032485,103431.65,0.53%
000001,2024-07-08,9.94,9.93,-0.04,-0.40%,9.85,10.02,868660,86479.18,0.45%
000001,2024-07-05,10.26,9.97,-0.29,-2.83%,9.92,10.29,1713354,172125.66,0.88%
000001,2024-07-04,10.30,10.26,-0.05,-0.48%,10.25,10.38,735044,75746.44,0.38%
000001,2024-07-03,10.40,10.31,-0.09,-0.87%,10.29,10.43,713067,73732.64,0.37%
000001,2024-07-02,10.30,10.40,0.05,0.48%,10.28,10.48,1384386,144086.44,0.71%
