股票代码,日期,开盘,收盘,涨跌额,涨跌幅,最低,最高,成交量,成交金额,换手率
000002,2024-10-30,9.10,9.22,0.09,0.99%,9.07,9.38,2329880,215673.62,2.40%
000002,2024-10-29,9.31,9.13,-0.26,-2.77%,9.10,9.63,2577834,239310.28,2.65%
000002,2024-10-28,9.13,9.39,0.25,2.74%,9.11,9.39,2842024,264713.56,2.92%
000002,2024-10-25,9.12,9.14,0.02,0.22%,9.12,9.29,1802422,165756.52,1.85%
000002,2024-10-24,9.20,9.12,-0.21,-2.25%,9.06,9.30,1700971,155862.64,1.75%
000002,2024-10-23,9.22,9.33,0.09,0.97%,9.16,9.54,2596748,242858.09,2.67%
000002,2024-10-22,9.11,9.24,0.05,0.54%,9.08,9.34,1954065,179710.20,2.01%
000002,2024-10-21,9.25,9.19,-0.18,-1.92%,9.01,9.39,2763986,254530.25,2.84%
000002,2024-10-18,9.05,9.37,0.16,1.74%,8.78,9.55,4111338,373556.75,4.23%
000002,2024-10-17,10.00,9.21,-0.79,-7.90%,9.18,10.01,4814794,457090.25,4.96%
000002,2024-10-16,9.41,10.00,0.80,8.70%,9.32,10.00,5645128,549533.69,5.81%
000002,2024-10-15,9.06,9.20,-0.14,-1.50%,9.06,9.47,2621898,243322.06,2.70%
000002,2024-10-14,9.41,9.34,0.24,2.64%,9.16,9.53,3672030,343407.34,3.78%
000002,2024-10-11,8.97,9.10,-0.02,-0.22%,8.78,9.36,3034144,275933.44,3.12%
000002,2024-10-10,8.90,9.12,-0.22,-2.36%,8.72,9.50,4468210,405541.31,4.60%
000002,2024-10-09,9.79,9.34,-1.04,-10.02%,9.34,9.79,5420340,511281.34,5.58%
000002,2024-10-08,10.69,10.38,0.66,6.79%,9.34,10.69,10972343,1130730.25,11.29%
000002,2024-09-30,9.72,9.72,0.88,9.95%,9.27,9.72,5797266,559276.19,5.97%
000002,2024-09-27,8.52,8.84,0.80,9.95%,8.50,8.84,7002194,608495.12,7.21%
000002,2024-09-26,7.22,8.04,0.73,9.99%,7.22,8.04,5278410,408186.75,5.43%
000002,2024-09-25,7.14,7.31,0.19,2.67%,7.11,7.68,3935250,294034.25,4.05%
000002,2024-09-24,7.07,7.12,0.19,2.74%,6.81,7.17,3244215,227612.50,3.34%
000002,2024-09-23,6.78,6.93,0.04,0.58%,6.77,7.00,1529807,105850.98,1.57%
000002,2024-09-20,6.64,6.89,0.12,1.77%,6.60,6.92,2160539,146535.81,2.22%
000002,2024-09-19,6.54,6.77,0.28,4.31%,6.49,6.92,2840303,191272.58,2.92%
000002,2024-09-18,6.34,6.49,0.17,2.69%,6.28,6.55,1469491,94213.86,1.51%
000002,2024-09-13,6.31,6.32,0.01,0.16%,6.30,6.40,822998,52222.67,0.85%
000002,2024-09-12,6.29,6.31,0.00,0.00%,6.29,6.41,661412,41923.04,0.68%
000002,2024-09-11,6.25,6.31,0.01,0.16%,6.24,6.38,604082,38129.65,0.62%
000002,2024-09-10,6.37,6.30,-0.07,-1.10%,6.20,6.41,895241,56171.70,0.92%
000002,2024-09-09,6.41,6.37,-0.10,-1.55%,6.31,6.45,706503,44998.63,0.73%
000002,2024-09-06,6.52,6.47,-0.12,-1.82%,6.45,6.57,870394,56544.41,0.90%
000002,2024-09-05,6.56,6.59,0.13,2.01%,6.49,6.66,1353930,89003.11,1.39%
000002,2024-09-04,6.48,6.46,-0.06,-0.92%,6.43,6.76,1644098,107949.01,1.69%
000002,2024-09-03,6.41,6.52,0.10,1.56%,6.32,6.64,1581631,102834.42,1.63%
000002,2024-09-02,6.51,6.42,-0.34,-5.03%,6.42,6.63,2126409,138502.31,2.19%
000002,2024-08-30,6.24,6.76,0.52,8.33%,6.22,6.86,3497342,233535.08,3.60%
000002,2024-08-29,6.20,6.24,0.02,0.32%,6.18,6.28,579195,36158.27,0.60%
000002,2024-08-28,6.29,6.22,-0.09,-1.43%,6.19,6.31,684310,42623.05,0.70%
000002,2024-08-27,6.50,6.31,-0.22,-3.37%,6.30,6.51,983047,62525.33,1.01%
000002,2024-08-26,6.41,6.53,0.12,1.87%,6.37,6.58,804980,52356.93,0.83%
000002,2024-08-23,6.45,6.41,-0.06,-0.93%,6.39,6.48,729987,46930.52,0.75%
000002,2024-08-22,6.58,6.47,-0.08,-1.22%,6.46,6.64,955246,62499.30,0.98%
000002,2024-08-21,6.66,6.55,-0.12,-1.80%,6.53,6.68,1038372,68413.70,1.07%
000002,2024-08-20,6.79,6.67,-0.13,-1.91%,6.66,6.81,861589,57819.46,0.89%
000002,2024-08-19,6.77,6.80,0.00,0.00%,6.74,6.88,749189,51058.45,0.77%
000002,2024-08-16,6.87,6.80,-0.11,-1.59%,6.79,6.92,915966,62487.60,0.94%
000002,2024-08-15,6.77,6.91,0.13,1.92%,6.72,6.93,1275474,87542.26,1.31%
000002,2024-08-14,6.83,6.78,-0.05,-0.73%,6.77,6.86,609928,41462.54,0.63%
000002,2024-08-13,6.85,6.83,-0.05,-0.73%,6.76,6.88,1060586,72186.93,1.09%
000002,2024-08-12,7.15,6.88,-0.30,-4.18%,6.86,7.21,1928459,134408.02,1.98%
000002,2024-08-09,6.92,7.18,0.26,3.76%,6.89,7.38,3595754,259254.06,3.70%
000002,2024-08-08,6.84,6.92,0.13,1.91%,6.73,7.10,2032811,140688.53,2.09%
000002,2024-08-07,6.84,6.79,-0.09,-1.31%,6.72,6.85,935649,63480.31,0.96%
000002,2024-08-06,6.85,6.88,0.10,1.47%,6.77,6.92,1263769,86454.91,1.30%
000002,2024-08-05,6.78,6.78,-0.03,-0.44%,6.76,7.02,1576610,108564.71,1.62%
000002,2024-08-02,6.83,6.81,-0.09,-1.30%,6.80,6.94,1074234,73682.72,1.11%
000002,2024-08-01,7.07,6.90,-0.19,-2.68%,6.89,7.15,1509050,105060.42,1.55%
000002,2024-07-31,6.73,7.09,0.34,5.04%,6.67,7.09,2048902,142171.08,2.11%
000002,2024-07-30,6.67,6.75,0.06,0.90%,6.65,6.80,1074764,72298.52,1.11%
000002,2024-07-29,6.85,6.69,-0.15,-2.19%,6.66,6.87,968259,64885.02,1.00%
000002,2024-07-26,6.72,6.84,0.14,2.09%,6.72,6.95,928799,63523.39,0.96%
000002,2024-07-25,6.64,6.70,0.05,0.75%,6.59,6.79,817450,54926.91,0.84%
000002,2024-07-24,6.84,6.65,-0.20,-2.92%,6.64,6.92,1153494,77695.54,1.19%
000002,2024-07-23,6.98,6.85,-0.13,-1.86%,6.84,7.07,974232,67928.38,1.00%
000002,2024-07-22,7.09,6.98,-0.08,-1.13%,6.92,7.12,1031927,72063.81,1.06%
000002,2024-07-19,7.08,7.06,-0.08,-1.12%,6.91,7.10,1468848,102946.55,1.51%
000002,2024-07-18,7.12,7.14,0.02,0.28%,6.98,7.14,1239653,87582.23,1.28%
000002,2024-07-17,6.92,7.12,0.20,2.89%,6.90,7.25,2200785,157278.59,2.26%
000002,2024-07-16,6.85,6.92,0.09,1.32%,6.78,7.02,1352606,93724.44,1.39%
000002,2024-07-15,6.85,6.83,-0.12,-1.73%,6.77,6.93,1167585,79812.16,1.20%
000002,2024-07-12,6.88,6.95,0.14,2.06%,6.85,7.15,2275360,159341.88,2.34%
000002,2024-07-11,6.73,6.81,0.16,2.41%,6.64,6.87,1497954,101400.55,1.54%
000002,2024-07-10,6.45,6.65,-0.06,-0.89%,6.32,6.73,1825180,120057.79,1.88%
000002,2024-07-09,6.66,6.71,0.04,0.60%,6.56,6.77,1385601,92542.08,1.43%
000002,2024-07-08,6.84,6.67,-0.21,-3.05%,6.62,6.84,1535081,102748.25,1.58%
000002,2024-07-05,6.94,6.88,-0.06,-0.86%,6.83,7.01,1170783,80758.53,1.20%
000002,2024-07-04,7.12,6.94,-0.22,-3.07%,6.94,7.14,1469395,102932.37,1.51%
000002,2024-07-03,7.13,7.16,0.03,0.42%,7.03,7.27,1623862,116648.18,1.67%
000002,2024-07-02,7.24,7.13,-0.16,-2.19%,7.10,7.35,1830025,132385.22,1.88%
