股票代码,日期,开盘,收盘,涨跌额,涨跌幅,最低,最高,成交量,成交金额,换手率
000004,2024-10-30,20.90,20.59,-0.61,-2.88%,20.29,20.90,158564,32547.04,12.56%
000004,2024-10-29,21.87,21.20,-1.00,-4.50%,21.17,22.15,189907,40916.20,15.04%
000004,2024-10-28,20.86,22.20,0.56,2.59%,20.86,22.94,252194,54757.57,19.97%
000004,2024-10-25,22.13,21.64,-0.70,-3.13%,21.31,22.14,182084,39500.80,14.42%
000004,2024-10-24,21.47,22.34,0.67,3.09%,20.44,22.88,244176,52736.79,19.33%
000004,2024-10-23,22.21,21.67,-1.21,-5.29%,21.28,23.00,249601,54787.74,19.76%
000004,2024-10-22,23.42,22.88,-0.54,-2.31%,22.01,24.81,391487,92157.80,31.00%
000004,2024-10-21,20.67,23.42,1.45,6.60%,20.51,24.11,446829,101875.23,35.38%
000004,2024-10-18,21.17,21.97,2.00,10.02%,20.81,21.97,527048,113225.29,41.73%
000004,2024-10-17,19.96,19.97,1.82,10.03%,19.08,19.97,190708,37903.91,15.10%
000004,2024-10-16,17.63,18.15,-0.33,-1.79%,17.50,19.24,289608,52924.82,22.93%
000004,2024-10-15,18.26,18.48,0.22,1.20%,17.50,20.00,439927,83241.58,34.84%
000004,2024-10-14,17.12,18.26,1.66,10.00%,16.02,18.26,414361,72827.88,32.81%
000004,2024-10-11,14.81,16.60,1.51,10.01%,14.79,16.60,210938,33790.33,16.70%
000004,2024-10-10,15.60,15.09,-1.06,-6.56%,14.59,16.00,185099,28071.03,14.66%
000004,2024-10-09,17.90,16.15,-1.78,-9.93%,16.14,17.98,282739,48277.89,22.39%
000004,2024-10-08,17.93,17.93,1.63,10.00%,16.79,17.93,359440,63482.61,28.46%
000004,2024-09-30,14.94,16.30,1.48,9.99%,14.94,16.30,405824,63604.84,32.13%
000004,2024-09-27,14.20,14.82,0.43,2.99%,14.20,15.05,332008,48676.13,26.29%
000004,2024-09-26,14.60,14.39,-0.89,-5.82%,14.10,14.85,319153,45983.97,25.27%
000004,2024-09-25,14.63,15.28,-0.98,-6.03%,14.63,16.85,457483,69359.67,36.23%
000004,2024-09-24,16.66,16.26,0.20,1.25%,16.20,17.67,579070,98396.14,45.85%
000004,2024-09-23,16.06,16.06,1.46,10.00%,16.06,16.06,13173,2115.58,1.04%
000004,2024-09-20,14.60,14.60,1.33,10.02%,14.60,14.60,22044,3218.42,1.75%
000004,2024-09-19,13.24,13.27,1.21,10.03%,12.80,13.27,129274,17110.44,10.24%
000004,2024-09-18,11.05,12.06,1.10,10.04%,10.87,12.06,141927,17015.66,11.24%
000004,2024-09-13,11.78,10.96,-1.08,-8.97%,10.95,11.78,170002,19128.74,13.46%
000004,2024-09-12,11.84,12.04,0.19,1.60%,11.70,12.21,166929,20037.25,13.22%
000004,2024-09-11,11.91,11.85,-0.32,-2.63%,11.58,12.08,157077,18532.57,12.44%
000004,2024-09-10,11.73,12.17,0.45,3.84%,11.65,12.40,194498,23535.13,15.40%
000004,2024-09-09,11.52,11.72,0.05,0.43%,11.35,12.17,91396,10731.81,7.24%
000004,2024-09-06,11.86,11.67,-0.28,-2.34%,11.63,12.68,115819,13877.97,9.17%
000004,2024-09-05,12.08,11.95,-0.13,-1.08%,11.87,12.25,83858,10058.95,6.64%
000004,2024-09-04,12.00,12.08,-0.17,-1.39%,11.90,12.35,118974,14345.99,9.42%
000004,2024-09-03,11.60,12.25,0.64,5.51%,11.60,12.28,174984,20882.86,13.86%
000004,2024-09-02,11.84,11.61,-0.42,-3.49%,11.57,12.22,160137,18918.86,12.68%
000004,2024-08-30,11.55,12.03,0.48,4.16%,11.44,12.50,223707,26987.25,17.71%
000004,2024-08-29,11.51,11.55,-0.07,-0.60%,11.30,11.83,113651,13080.42,9.00%
000004,2024-08-28,11.42,11.62,-0.18,-1.53%,11.23,11.68,117416,13422.02,9.30%
000004,2024-08-27,11.51,11.80,0.12,1.03%,11.45,12.20,186053,22052.77,14.73%
000004,2024-08-26,11.57,11.68,0.15,1.30%,11.12,12.08,235546,27167.83,18.65%
000004,2024-08-23,10.45,11.53,1.05,10.02%,10.38,11.53,139572,15921.34,11.05%
000004,2024-08-22,10.31,10.48,0.19,1.85%,10.21,11.23,70146,7448.97,5.55%
000004,2024-08-21,10.41,10.29,-0.12,-1.15%,10.21,10.59,40571,4211.61,3.21%
000004,2024-08-20,10.80,10.41,-0.46,-4.23%,10.37,10.80,51784,5437.53,4.10%
000004,2024-08-19,10.80,10.87,0.07,0.65%,10.70,11.02,45964,5012.11,3.64%
000004,2024-08-16,10.80,10.80,-0.11,-1.01%,10.71,10.99,38993,4219.65,3.09%
000004,2024-08-15,10.88,10.91,-0.07,-0.64%,10.71,11.00,60373,6560.33,4.78%
000004,2024-08-14,10.55,10.98,0.46,4.37%,10.52,11.00,79443,8611.85,6.29%
000004,2024-08-13,10.53,10.52,0.05,0.48%,10.31,10.58,34856,3633.99,2.76%
000004,2024-08-12,10.79,10.47,-0.30,-2.79%,10.35,10.79,53800,5642.67,4.26%
000004,2024-08-09,11.01,10.77,-0.15,-1.37%,10.72,11.12,52410,5699.77,4.15%
000004,2024-08-08,11.45,10.92,-0.60,-5.21%,10.91,11.53,83780,9291.35,6.63%
000004,2024-08-07,11.40,11.52,0.09,0.79%,11.32,11.87,83971,9759.90,6.65%
000004,2024-08-06,11.40,11.43,0.18,1.60%,11.25,11.56,67614,7704.09,5.35%
000004,2024-08-05,11.75,11.25,-0.65,-5.46%,11.16,11.86,95130,10906.72,7.53%
000004,2024-08-02,12.20,11.90,-0.37,-3.02%,11.68,12.20,108911,12981.65,8.62%
000004,2024-08-01,11.65,12.27,0.39,3.28%,11.60,12.42,164520,19803.89,13.03%
000004,2024-07-31,11.48,11.88,0.22,1.89%,11.42,11.99,127044,14900.79,10.06%
000004,2024-07-30,11.52,11.66,-0.15,-1.27%,11.42,12.07,148418,17520.51,11.75%
000004,2024-07-29,11.13,11.81,0.60,5.35%,10.91,12.21,166703,19162.52,13.20%
000004,2024-07-26,11.52,11.21,-0.34,-2.94%,11.03,11.69,140931,15836.93,11.16%
000004,2024-07-25,11.80,11.55,-0.86,-6.93%,11.30,12.00,164574,19178.24,13.03%
000004,2024-07-24,11.50,12.41,0.49,4.11%,11.50,12.90,231680,28210.18,18.35%
000004,2024-07-23,12.55,11.92,-0.47,-3.79%,11.91,13.25,303223,38507.00,24.01%
000004,2024-07-22,12.00,12.39,1.13,10.04%,12.00,12.39,110885,13679.74,8.78%
000004,2024-07-19,10.80,11.26,0.39,3.59%,10.49,11.63,154807,17072.37,12.26%
000004,2024-07-18,10.40,10.87,0.30,2.84%,10.11,11.19,139396,15062.23,11.04%
000004,2024-07-17,10.75,10.57,-0.46,-4.17%,10.46,10.80,137464,14586.45,10.88%
000004,2024-07-16,11.15,11.03,0.07,0.64%,11.00,11.77,228886,25862.23,18.12%
000004,2024-07-15,9.96,10.96,1.00,10.04%,9.94,10.96,139508,14803.70,11.05%
000004,2024-07-12,10.12,9.96,-0.16,-1.58%,9.87,10.20,55307,5533.65,4.38%
000004,2024-07-11,10.10,10.12,0.18,1.81%,9.98,10.27,69842,7062.47,5.53%
000004,2024-07-10,9.85,9.94,-0.05,-0.50%,9.63,10.28,80499,8033.86,6.37%
000004,2024-07-09,9.58,9.99,0.29,2.99%,9.31,10.22,95354,9251.38,7.55%
000004,2024-07-08,10.30,9.70,-0.69,-6.64%,9.68,10.33,89570,8861.70,7.09%
000004,2024-07-05,10.40,10.39,-0.31,-2.90%,10.10,10.89,114476,11959.88,9.06%
000004,2024-07-04,10.52,10.70,0.33,3.18%,10.05,11.10,153562,16227.37,12.16%
000004,2024-07-03,10.93,10.37,-0.68,-6.15%,10.31,11.00,139532,14661.00,11.05%
000004,2024-07-02,10.87,11.05,0.19,1.75%,10.87,11.54,191508,21503.18,15.16%
